{
 "cells": [
  {
   "cell_type": "code",
   "execution_count": 1,
   "metadata": {},
   "outputs": [],
   "source": [
    "from sklearn.decomposition import LatentDirichletAllocation\n",
    "from sklearn.datasets import make_multilabel_classification"
   ]
  },
  {
   "cell_type": "code",
   "execution_count": 4,
   "metadata": {},
   "outputs": [
    {
     "data": {
      "text/plain": [
       "array([[3., 1., 4., ..., 4., 1., 3.],\n",
       "       [5., 0., 6., ..., 0., 0., 3.],\n",
       "       [3., 4., 1., ..., 3., 2., 5.],\n",
       "       ...,\n",
       "       [2., 1., 2., ..., 1., 0., 3.],\n",
       "       [6., 4., 1., ..., 1., 3., 5.],\n",
       "       [2., 4., 2., ..., 5., 4., 2.]])"
      ]
     },
     "execution_count": 4,
     "metadata": {},
     "output_type": "execute_result"
    }
   ],
   "source": [
    "X, _ = make_multilabel_classification(random_state=0)\n",
    "X"
   ]
  },
  {
   "cell_type": "code",
   "execution_count": 6,
   "metadata": {},
   "outputs": [
    {
     "data": {
      "text/plain": [
       "LatentDirichletAllocation(n_components=5, random_state=0)"
      ]
     },
     "execution_count": 6,
     "metadata": {},
     "output_type": "execute_result"
    }
   ],
   "source": [
    "lda = LatentDirichletAllocation(n_components=5, random_state=0)\n",
    "lda.fit(X)"
   ]
  },
  {
   "cell_type": "code",
   "execution_count": 8,
   "metadata": {},
   "outputs": [
    {
     "data": {
      "text/plain": [
       "array([[0.83264691, 0.15610504, 0.00372766, 0.00372946, 0.00379093],\n",
       "       [0.11204968, 0.00563061, 0.00567138, 0.57851629, 0.29813204],\n",
       "       [0.00361638, 0.15391126, 0.31659894, 0.52227005, 0.00360337],\n",
       "       [0.50945646, 0.00426268, 0.00428521, 0.47775048, 0.00424517],\n",
       "       [0.16992137, 0.18277504, 0.00356346, 0.61250018, 0.03123994],\n",
       "       [0.00540098, 0.02177687, 0.30792814, 0.65946917, 0.00542484],\n",
       "       [0.30475725, 0.00374199, 0.68408225, 0.00371419, 0.00370431],\n",
       "       [0.00447199, 0.28837587, 0.00448506, 0.698175  , 0.00449208],\n",
       "       [0.00437916, 0.00440988, 0.00438779, 0.9824583 , 0.00436487],\n",
       "       [0.80996112, 0.17491121, 0.00503076, 0.00504055, 0.00505636],\n",
       "       [0.00421521, 0.25666246, 0.28372318, 0.00422468, 0.45117447],\n",
       "       [0.58527096, 0.00409741, 0.00411491, 0.21831721, 0.18819951],\n",
       "       [0.52516563, 0.00360488, 0.4639673 , 0.0036168 , 0.00364539],\n",
       "       [0.00375324, 0.20515083, 0.17315141, 0.6141886 , 0.00375592],\n",
       "       [0.0052288 , 0.00522335, 0.00520444, 0.46917085, 0.51517256],\n",
       "       [0.00360739, 0.00363009, 0.18550522, 0.80362787, 0.00362943],\n",
       "       [0.15824531, 0.0034163 , 0.37125813, 0.46367907, 0.00340119],\n",
       "       [0.9777635 , 0.00558418, 0.00556936, 0.00559038, 0.00549258],\n",
       "       [0.64610135, 0.00443052, 0.00445319, 0.34051308, 0.00450186],\n",
       "       [0.0037249 , 0.13521151, 0.00374891, 0.73465019, 0.12266449],\n",
       "       [0.14636146, 0.28481899, 0.00489852, 0.55904352, 0.00487751],\n",
       "       [0.00368123, 0.00367417, 0.37351374, 0.24943058, 0.36970028],\n",
       "       [0.00358035, 0.18192143, 0.30286892, 0.50802993, 0.00359937],\n",
       "       [0.00374744, 0.19694281, 0.00374953, 0.79184209, 0.00371813],\n",
       "       [0.00447945, 0.22400432, 0.22452602, 0.54251361, 0.0044766 ],\n",
       "       [0.98388504, 0.00402538, 0.00405614, 0.00404242, 0.00399102],\n",
       "       [0.98039247, 0.00488736, 0.00489751, 0.00489979, 0.00492287],\n",
       "       [0.17328932, 0.70889979, 0.10958098, 0.00409042, 0.00413949],\n",
       "       [0.32991508, 0.18392873, 0.2499992 , 0.22985599, 0.00630099],\n",
       "       [0.00395499, 0.0039068 , 0.00395181, 0.79998349, 0.18820291],\n",
       "       [0.00394346, 0.79843149, 0.00395881, 0.18967354, 0.00399271],\n",
       "       [0.98698569, 0.00324086, 0.00324777, 0.00326703, 0.00325866],\n",
       "       [0.52172437, 0.0044001 , 0.46500888, 0.00438499, 0.00448165],\n",
       "       [0.57341152, 0.28111771, 0.13828757, 0.00361134, 0.00357186],\n",
       "       [0.00373489, 0.00375062, 0.98506342, 0.00372677, 0.00372431],\n",
       "       [0.21722057, 0.00423432, 0.00425066, 0.45982197, 0.31447248],\n",
       "       [0.0043978 , 0.08560003, 0.41496625, 0.49068405, 0.00435187],\n",
       "       [0.11007432, 0.1875312 , 0.35585461, 0.27495601, 0.07158385],\n",
       "       [0.17453949, 0.37849704, 0.31186392, 0.13137797, 0.00372158],\n",
       "       [0.83226139, 0.00410209, 0.00410198, 0.15545332, 0.00408122],\n",
       "       [0.00458689, 0.00452063, 0.00455736, 0.93704101, 0.04929411],\n",
       "       [0.08726283, 0.55172   , 0.35383163, 0.00360941, 0.00357614],\n",
       "       [0.64389288, 0.00414599, 0.00413361, 0.00412031, 0.34370721],\n",
       "       [0.656829  , 0.00305659, 0.00305473, 0.33396609, 0.00309358],\n",
       "       [0.4627263 , 0.11928445, 0.00343313, 0.20133397, 0.21322214],\n",
       "       [0.25607817, 0.00412837, 0.27617392, 0.00410251, 0.45951703],\n",
       "       [0.98003452, 0.00498971, 0.00503138, 0.00498444, 0.00495995],\n",
       "       [0.21867951, 0.28917194, 0.22892072, 0.0043816 , 0.25884623],\n",
       "       [0.0481018 , 0.00376048, 0.0037519 , 0.94066404, 0.00372178],\n",
       "       [0.49160131, 0.27287962, 0.2269701 , 0.00430288, 0.00424608],\n",
       "       [0.48495758, 0.00388414, 0.14199927, 0.1753315 , 0.19382752],\n",
       "       [0.68456825, 0.00520937, 0.00526854, 0.25363366, 0.05132018],\n",
       "       [0.00413029, 0.00411955, 0.0041364 , 0.80746696, 0.1801468 ],\n",
       "       [0.54419635, 0.27120772, 0.0058976 , 0.00589072, 0.17280761],\n",
       "       [0.36152867, 0.1236633 , 0.50804686, 0.00337683, 0.00338435],\n",
       "       [0.00393204, 0.34386229, 0.64429681, 0.00395916, 0.00394969],\n",
       "       [0.6099573 , 0.11112813, 0.00447964, 0.00448017, 0.26995477],\n",
       "       [0.23691452, 0.00432047, 0.00431219, 0.75021015, 0.00424267],\n",
       "       [0.00396081, 0.00396605, 0.14329021, 0.84486709, 0.00391584],\n",
       "       [0.20954037, 0.00467269, 0.44483091, 0.33630875, 0.00464728],\n",
       "       [0.98138407, 0.00464824, 0.00467651, 0.00466623, 0.00462495],\n",
       "       [0.98445406, 0.00391578, 0.00388351, 0.00388644, 0.00386021],\n",
       "       [0.22367397, 0.0042766 , 0.473308  , 0.22475287, 0.07398855],\n",
       "       [0.00418962, 0.00421883, 0.3013336 , 0.47544994, 0.21480801],\n",
       "       [0.26971942, 0.23734918, 0.43012801, 0.05858198, 0.00422142],\n",
       "       [0.00368062, 0.00367898, 0.39085468, 0.51402803, 0.08775768],\n",
       "       [0.39930351, 0.00435487, 0.27182918, 0.00439197, 0.32012047],\n",
       "       [0.00553526, 0.00550836, 0.97790167, 0.00555963, 0.00549508],\n",
       "       [0.24402064, 0.00501125, 0.63541765, 0.00502904, 0.11052142],\n",
       "       [0.00404271, 0.65017441, 0.00401727, 0.20094979, 0.14081582],\n",
       "       [0.31786044, 0.00389093, 0.21736963, 0.45699481, 0.00388419],\n",
       "       [0.00488811, 0.00485099, 0.85853141, 0.00488906, 0.12684042],\n",
       "       [0.00375461, 0.40317962, 0.13526024, 0.45408571, 0.00371981],\n",
       "       [0.15230376, 0.32919029, 0.13383466, 0.38073533, 0.00393596],\n",
       "       [0.26311738, 0.2076943 , 0.52246207, 0.00337256, 0.00335368],\n",
       "       [0.47529292, 0.00495475, 0.00491376, 0.50994504, 0.00489353],\n",
       "       [0.00422962, 0.00419668, 0.98313962, 0.00426734, 0.00416674],\n",
       "       [0.0039834 , 0.00395705, 0.00395447, 0.98412938, 0.0039757 ],\n",
       "       [0.52821682, 0.21632031, 0.24564936, 0.00488612, 0.00492738],\n",
       "       [0.19502515, 0.37543331, 0.42233159, 0.00361738, 0.00359257],\n",
       "       [0.00454652, 0.0045651 , 0.98177269, 0.0045618 , 0.00455389],\n",
       "       [0.42682916, 0.00382571, 0.06968287, 0.49585888, 0.00380338],\n",
       "       [0.50174321, 0.12814321, 0.28833807, 0.00516116, 0.07661435],\n",
       "       [0.00447262, 0.0044662 , 0.43572056, 0.55093102, 0.00440959],\n",
       "       [0.00455264, 0.1254167 , 0.23307908, 0.63243353, 0.00451805],\n",
       "       [0.00387717, 0.00384052, 0.00383874, 0.5702769 , 0.41816668],\n",
       "       [0.28363299, 0.00469266, 0.00469835, 0.70223966, 0.00473633],\n",
       "       [0.00367388, 0.08534722, 0.37010215, 0.42998648, 0.11089028],\n",
       "       [0.00427967, 0.00428132, 0.00429338, 0.98281994, 0.00432569],\n",
       "       [0.33932411, 0.00322217, 0.00322378, 0.65100686, 0.00322307],\n",
       "       [0.47530547, 0.4571476 , 0.00503476, 0.00501772, 0.05749444],\n",
       "       [0.69057054, 0.14146704, 0.00382189, 0.00381188, 0.16032865],\n",
       "       [0.985365  , 0.00364267, 0.00364987, 0.00368076, 0.00366169],\n",
       "       [0.17209555, 0.00375738, 0.32968437, 0.49074224, 0.00372045],\n",
       "       [0.67336727, 0.26379868, 0.00367916, 0.0036771 , 0.05547779],\n",
       "       [0.10903606, 0.00427269, 0.61536026, 0.26704125, 0.00428973],\n",
       "       [0.87347966, 0.00510227, 0.00513102, 0.00515735, 0.1111297 ],\n",
       "       [0.0044918 , 0.00443667, 0.00442168, 0.69397723, 0.29267262],\n",
       "       [0.00360392, 0.25499205, 0.0036211 , 0.64236448, 0.09541846],\n",
       "       [0.15297572, 0.00362644, 0.44412786, 0.39568399, 0.003586  ]])"
      ]
     },
     "execution_count": 8,
     "metadata": {},
     "output_type": "execute_result"
    }
   ],
   "source": [
    "Y, _ = make_multilabel_classification(random_state=0)\n",
    "lda.transform(Y)"
   ]
  },
  {
   "cell_type": "code",
   "execution_count": null,
   "metadata": {},
   "outputs": [],
   "source": []
  }
 ],
 "metadata": {
  "kernelspec": {
   "display_name": "Python 3",
   "language": "python",
   "name": "python3"
  },
  "language_info": {
   "codemirror_mode": {
    "name": "ipython",
    "version": 3
   },
   "file_extension": ".py",
   "mimetype": "text/x-python",
   "name": "python",
   "nbconvert_exporter": "python",
   "pygments_lexer": "ipython3",
   "version": "3.10.6"
  },
  "orig_nbformat": 4,
  "vscode": {
   "interpreter": {
    "hash": "916dbcbb3f70747c44a77c7bcd40155683ae19c65e1c03b4aa3499c5328201f1"
   }
  }
 },
 "nbformat": 4,
 "nbformat_minor": 2
}
